225.08396589936663 372.57972467075996 548.4686829451957 336.76252146567884 274.862297019906 
180.7959854552097 335.42258447533476 138.11763353932963 497.19130836902207 483.62307441539576 
265.307565821063 42.44727768858517 563.4311836730406 251.80655563201955 102.96612519809199 
594.987044028089 529.6029783715926 301.3698647600869 557.3795424420814 124.93823106838232 
365.88825029900266 576.0161576520976 545.4386772989772 587.0432170878266 427.9132918123487 
42.99452113859017 137.73397789488183 300.60968420991014 537.7869578732908 357.89929516277783 
29.333087042768984 316.4521951607507 292.8604073329971 203.87120405700176 528.5151872970506 
292.2201434771932 370.1780067371195 360.66916685714364 206.43042323947566 106.58053690717864 
544.587772014676 109.08137268401491 500.65359108120174 192.7246392431308 488.4802173881829 
526.1445581430897 515.6004564162603 321.66696162247695 571.1244294333784 376.64006830125066 
612.7756622234895 315.80565982848645 25.57004340090572 456.3355532552956 533.8209768724639 
323.21269004474505 201.08387267306827 592.4410114909774 149.33253577645814 233.1229449993371 
369.08999810812793 56.74797393279494 276.4158577404111 363.09061119334586 100.58190274237211 
296.92044600599365 557.9474729312112 298.282000442182 182.97573129366802 41.40659383597195 
546.5117781153806 113.37315453887776 194.37299618617686 583.4396443850558 85.98196950252306 
557.5213376870608 603.2018676544768 199.59703482567068 33.713789539020205 132.87890773772207 
611.2055618717451 608.3862764795252 316.3207368246629 347.1184797118156 507.7466293841214 
524.3265194480016 261.9996498402892 570.4380201643028 53.39595730924469 112.99444866625852 
302.37529130737585 77.51470987575426 160.77516688167745 102.50326951847453 86.83275893103307 
404.8762983637418 290.62116168868215 456.8835523275366 202.3064074618789 104.15862229724497 
331.04164675986334 66.8347162083447 441.4940586544127 521.7181409464058 277.9302531547334 
263.31580983932577 312.46528687537426 585.0682903909593 184.5101373855488 109.4444456372526 
432.632480943787 126.60812069936594 597.9746858491249 376.1725672417017 600.0534386637333 
225.11237095949525 251.19419807532523 257.20786656111017 85.03427062748162 595.4513793176586 
527.457192376979 428.64944535014666 435.00136527966623 207.00979962256028 566.215194297877 
408.8067119139439 435.61105323933975 261.2727677001232 27.799575447676844 523.6700676757712 
21.06595979906141 409.04831451217314 285.07943276047155 333.50217303801804 76.60655395774029 
237.79472733946653 360.029107058291 526.0186736084992 226.14669962211323 209.52169647517906 
273.17401356155426 431.6268767086105 448.0221777794562 579.7338993955113 23.883825792233253 
266.19144251962905 511.82052483053064 577.885801778998 569.4814038797971 556.7955484912495 
