156.81565187758554 389.8292586938152 217.94549613490844 199.51163663598453 347.4003755504625 
139.00989411059805 165.3953757674804 288.1876814486519 249.27377117366368 47.40934541214913 
17.480095838747868 108.0583133411232 388.8158359473247 345.40976015907637 151.37978437324057 
186.66811167654538 294.4434770636926 302.39037625514555 453.4843255134577 93.05099441714636 
93.69693990825672 394.1647001523791 110.52576472790669 103.16839939812654 157.10967918684986 
39.17364483205314 218.00204373264063 282.7363571012915 236.127286831954 506.9504132438421 
465.65758305330104 403.4571595856089 167.3412041627969 227.3728253410359 284.78640338067385 
233.6711234782622 340.30261981092553 354.218475788017 467.1233371743782 369.4442001121594 
251.1824485239069 61.53864772062911 390.0890551953078 397.10694188934013 89.54274393006867 
176.36636591033638 108.15444079499352 303.26063383559193 430.485466453961 376.27430982183824 
195.08998076315214 173.2658945347552 229.44391103667937 305.29820460832525 346.86576889152525 
344.22978265073516 441.8827419277618 86.7413919075931 379.9678692863698 303.5066424451827 
215.1719578292504 336.3759861416508 384.89638599325366 248.72859411370473 224.90064897695567 
404.556530524587 419.61123556096726 350.38117429475614 352.89601472583377 200.7615249537197 
252.69091322885217 382.93970847381826 29.213402641677423 79.07860960363126 290.9700742757119 
15.582200033788453 185.36284139132152 388.14898128908055 451.4215304137003 178.49417983844495 
391.0377949059508 414.08662152542854 362.04817356625966 45.78120051707284 371.6117851983546 
69.88805118830919 401.5506243538885 301.00477323969386 228.6683989671697 309.8481571735703 
212.53606174745724 476.35699529202185 310.8303886988913 372.49775007986085 448.0340051358192 
281.48995308693827 307.1535063352715 80.5785063483082 136.08454624562864 463.01506323993357 
260.3505902270823 51.57083094708264 172.1647760830814 360.68841771885684 322.1116738270218 
297.29038716754934 74.2189080607794 451.2973962782578 197.78558096338554 316.06883334509564 
260.0578462047264 296.26434769305297 352.6888394772184 406.0343379826899 231.89371078052545 
433.98302395960235 177.30726258056794 53.00773719051559 177.77505160733423 382.9031778234485 
433.6561228508133 371.5296190723837 124.68825767336 46.37916798928686 430.0643091968833 
202.53427720336464 403.0909044973195 435.2980755046758 496.6482315248556 96.18591096159834 
307.6425962784198 249.50297823267047 458.74095657100685 33.39286957240283 463.89895114702813 
484.0270247406298 430.5424551138057 364.5154778151239 35.734282833297314 351.1539358939291 
376.256246592534 68.78309496452277 33.258772352234836 434.32050470131065 10.978369772798803 
62.936045499983095 105.99559734080582 114.87685308576805 238.6040809706229 412.6079576703359 
